-38	25	-9	-3	-13	-38
14	-1	16	43	21	38
-16	4	-33	17	19	25
18	34	42	-34	20	39
4	-47	-16	17	-22	-28
37	-50	-25	-32	-34	-34
12	38	-31	-39	-49	50
16	4	43	-22	0	-1
45	-30	-12	-12	-12	21
-16	-28	38	2	21	-40
30	16	30	-35	-2	20
7	20	-37	-37	32	38
-38	-7	-31	27	-14	10
-11	27	-26	-50	-38	-3
4	-14	-45	-6	8	26
41	-33	-24	-39	-23	7
-34	13	-2	-3	25	-44
-36	-3	1	42	30	7
-34	-3	-17	-32	-6	12
47	-37	-18	-39	26	41
42	-9	8	-16	-8	24
-47	14	34	36	-40	-29
6	-1	46	-36	-14	-32
32	-20	-47	13	15	-22
-15	-50	3	-25	-47	-27
-47	50	-8	-13	-25	17
-24	5	41	31	11	-9
24	-26	-45	-38	45	49
-42	-46	-14	18	13	-13
34	30	40	-50	34	35
28	-6	36	-13	14	-50
-10	-22	-17	-47	-32	34
24	-49	-49	26	-49	17
2	34	-41	25	6	-47
-43	-3	32	-36	33	-15
29	50	9	16	-44	29
-5	-12	46	6	-1	19
19	1	36	-21	-15	-41
-11	-32	15	-34	30	6
28	-41	-2	-49	31	-18
-14	-31	-42	16	9	1
-28	-19	-27	11	-23	-47
21	-44	43	19	1	-21
-14	22	-39	-40	-8	-22
-15	-35	-48	-4	-3	-26
20	29	6	-43	1	-10
9	-12	-40	-47	-48	45
44	0	-6	48	-28	-14
36	-11	32	-20	-27	-28
40	-40	49	5	50	4
-22	8	42	-49	42	-29
-35	44	-3	34	-42	31
38	42	46	-20	-33	44
-47	-44	-45	38	4	48
-3	-8	-47	6	-22	-20
11	-23	4	-39	-10	39
-39	26	-44	-6	-34	13
-10	-30	-7	15	-10	50
-1	21	49	-39	25	-30
38	34	18	17	30	-9
-38	-1	-22	6	13	-7
20	-4	-42	-45	15	0
-12	-43	21	34	0	17
4	-13	-9	-3	11	44
-23	5	6	-21	46	6
24	50	-30	37	23	48
23	19	33	43	-42	40
2	-32	47	-45	-20	6
-29	-38	31	-14	17	37
44	14	-15	41	-46	-21
-27	41	-27	-11	-11	-11
32	-18	-20	49	38	-42
-14	-10	34	-10	-15	-40
-37	-42	-25	0	40	36
26	-16	-6	30	45	15
12	-50	-11	16	-21	-6
-46	-35	-3	22	-16	-49
29	49	-33	17	25	7
47	36	-44	-5	-44	-40
-13	-41	-9	-3	28	-11
-13	9	-39	0	-9	-6
11	9	35	46	40	-32
-20	26	-41	-3	29	33
-5	39	32	48	-48	6
-20	25	-22	14	43	10
-39	-29	-24	-40	32	-43
4	-21	27	47	-23	-43
-10	19	-37	-24	44	17
28	-39	-13	46	-8	-31
8	-30	29	20	-49	-15
-44	26	34	-46	-23	-39
-13	25	-6	-8	-11	11
-15	-32	29	-40	-35	49
-31	-31	1	-10	3	41
10	-22	-39	-22	10	-22
-47	-5	20	10	19	-12
-50	-44	-30	14	50	-26
-35	-49	-15	-37	30	8
5	10	-14	24	-19	31
42	2	-41	-14	-46	3
-35	-29	-9	33	21	-46
-32	42	38	39	-35	44
48	27	5	28	-25	-5
-24	8	-23	20	-4	-48
17	45	2	-33	10	-44
10	-48	17	39	23	22
28	-2	-22	21	5	30
-19	-29	12	-9	29	-42
-10	-26	-37	37	27	-40
-1	11	34	33	-24	39
-20	-20	44	-5	23	-22
22	49	22	18	14	1
27	-16	17	2	-42	35
50	26	-20	-42	14	44
-4	-2	49	-26	40	27
-13	4	1	-13	-13	4
5	-50	-37	-12	-34	-48
-8	22	20	34	-45	24
-11	11	0	37	23	-26
-42	-3	-22	-47	-21	-11
7	32	-12	-10	-36	43
-21	24	16	11	-48	0
21	15	40	31	43	8
-23	-11	29	-40	-35	-4
-8	24	24	-27	25	-46
7	-16	-22	-24	24	42
19	10	-22	-36	15	-44
-15	10	-6	-7	-48	-18
30	24	-18	25	-45	-9
19	0	-46	-42	-27	-23
8	9	37	-8	-32	-42
27	29	-36	24	-45	13
-9	29	35	-38	-40	-13
0	9	-37	10	-45	-15
5	26	-11	-30	43	34
4	19	-16	-14	-22	-9
-1	23	45	3	-50	-6
10	-39	35	20	38	40
15	28	-34	27	-6	-33
-23	8	-23	8	36	8
44	-22	-40	-22	7	-45
-6	29	16	23	-17	49
-34	32	-9	-39	4	-14
30	5	49	0	-38	11
-30	47	20	29	5	5
0	7	32	-40	43	39
32	3	-2	1	-44	-15
4	-21	28	48	-4	-17
41	44	50	-1	29	-31
-9	33	27	3	-29	-15
45	-42	50	32	43	-47
-7	21	23	6	-34	44
36	-48	-16	21	-26	2
41	49	-34	37	-39	-13
-31	-22	7	33	-38	-28
-47	17	-35	30	-19	38
-35	5	-42	-43	25	-49
28	42	20	-10	10	-14
-3	-26	18	-27	37	50
-30	50	-28	-35	5	27
24	45	10	-36	26	-47
13	37	43	32	-6	-44
45	36	4	43	24	-32
12	-19	-22	-34	44	0
13	-14	-6	43	32	-3
24	17	-8	-32	10	0
-47	-10	6	-7	50	-48
40	44	47	-5	-20	29
-14	-29	-16	0	-30	8
-11	-13	-19	23	12	8
-21	-50	37	-2	47	-35
-48	-16	23	33	-20	25
-32	-14	35	42	30	11
-6	-11	26	-15	18	-17
-2	16	-43	39	21	-48
-29	44	13	-31	6	10
-35	31	-8	1	9	29
-32	-45	24	5	18	50
-40	48	20	44	42	-37
-29	32	-23	-42	43	-15
-46	-50	43	37	6	-16
9	50	-24	-43	-18	36
-32	25	40	39	-49	44
-22	-46	-8	-17	46	-18
-30	-47	30	25	-5	46
9	-7	-18	16	17	-44
-45	36	41	-17	38	-7
-37	36	6	-20	-44	7
-30	-23	-6	14	-32	23
-6	25	2	-33	-18	-15
32	-35	-39	44	20	-36
-42	24	-3	27	3	11
3	25	-47	-13	-6	2
11	-24	25	-39	-47	8
-8	3	14	-24	-31	34
-42	8	-15	-18	-20	-38
20	40	28	11	32	24
-6	43	19	-45	-36	49
-1	-43	-9	-23	-49	-21
13	-14	45	-4	-16	9
13	-12	25	-33	28	-39
26	-3	1	-34	-15	-37
-23	-28	-13	-41	-10	33
-8	42	-45	39	24	-27
46	-24	35	-10	-46	15
26	41	-23	-40	40	-42
-30	-5	50	-45	-44	-14
-9	29	-16	-24	-1	-24
-19	32	-36	-44	43	32
13	-14	-12	-48	-47	11
1	-43	-30	-21	41	-32
-48	7	-33	6	3	1
-34	36	-10	5	7	39
9	9	28	28	28	12
-34	10	12	1	-45	33
37	-16	22	-29	7	-25
36	-43	-35	-11	-33	-31
12	-27	15	-18	-9	10
-8	-30	17	21	-20	-7
4	47	38	-28	-13	-42
27	-2	-18	42	44	42
-20	-20	-25	-16	43	-20
26	-11	14	-48	26	29
23	23	18	23	-42	-42
-32	-35	41	0	22	-50
38	-14	-41	26	-24	-27
10	42	-30	-49	8	17
4	-16	-14	-24	-24	43
-14	-23	6	36	13	48
3	-12	-14	-5	-14	-10
-31	-50	-28	43	-32	-6
-42	-33	31	-49	-27	-33
-10	30	41	-2	-1	28
-45	18	12	-40	-30	-30
0	-9	-41	13	-29	27
47	-8	39	47	39	47
4	-15	14	-24	9	-25
-49	-22	-1	-33	48	-24
-1	46	-29	-15	39	-1
39	-7	29	-46	-28	-14
50	34	-30	45	-26	28
-16	-42	-38	25	19	-19
35	-11	-48	28	45	-19
-10	-20	-37	-37	17	48
-40	23	37	22	1	-6
3	45	10	-11	50	-28
-50	-23	46	1	-28	-9
28	-23	-11	-16	35	11
7	4	16	-6	-34	-50
-11	16	-13	27	13	46
-14	27	-12	28	49	-21
-31	29	21	28	-14	-8
6	14	-34	34	24	40
5	41	17	-12	25	46
-11	-33	34	31	48	3
-27	23	-33	16	-48	2
24	23	-22	-2	-4	-35
-23	27	43	20	-37	3
21	32	-40	-9	-5	-38
-12	39	-33	34	3	-24
-9	-33	0	-12	32	-18
-34	-22	11	-31	-18	-41
-42	43	3	-21	-37	37
-2	-20	-20	-14	33	32
-29	-29	-29	-29	-29	41
50	33	6	33	33	6
-9	50	-50	-26	-27	-28
-14	30	-47	-19	-23	-49
-18	49	17	9	-7	-13
6	14	45	27	-28	26
-27	-40	-16	10	43	-17
8	10	-19	23	24	-24
46	-39	26	-1	-12	-50
-8	-19	44	48	19	-41
14	-5	7	36	-32	-18
-33	-9	-19	21	-42	-15
2	43	32	24	-23	-38
-37	1	-27	-49	-12	-28
2	-4	-16	-2	-39	48
13	32	2	-40	14	-4
11	44	-34	26	-7	29
-47	-33	16	-13	24	-27
2	-16	-41	-35	44	35
22	-29	21	22	22	50
8	5	-25	20	44	-37
-5	27	4	26	31	-36
-7	-46	40	-13	27	35
5	23	21	32	-21	-24
-39	1	13	-28	-34	-36
49	-10	25	46	-27	-4
-24	35	40	-21	-7	41
-8	37	-14	13	38	-44
19	29	30	-41	23	-36
-17	45	-20	-14	40	1
29	-3	38	35	-37	28
-41	31	-32	25	47	-50
-37	4	2	-7	-12	-17
25	27	-19	-34	-25	-8
50	-25	-15	13	11	-31
-38	12	-12	13	23	-11
-33	-31	-31	-23	37	15
47	-43	23	17	-40	6
45	48	3	1	48	18
-24	-36	-37	9	41	23
-32	28	44	21	4	22
32	-41	28	-24	-33	3
-31	16	-21	-12	-45	5
47	-38	46	-24	21	-11
-45	-34	11	-29	33	-36
-8	39	26	37	34	42
-41	-38	39	42	40	21
-34	-45	-18	-11	1	-2
50	-41	9	43	48	9
10	42	31	17	46	38
30	37	-36	-49	28	34
-26	12	-2	14	-25	-36
-14	-25	-8	-28	-44	5
-35	-11	20	28	-16	-7
35	11	-9	26	-28	2
-28	7	40	49	-43	42
-50	-25	26	47	43	-24
-16	21	-15	7	30	-38
-25	22	24	-49	-26	-44
-41	-50	-44	8	-38	-39
45	8	-38	36	33	32
14	35	-7	-27	-11	22
18	-38	-30	-15	-44	3
20	48	23	13	46	16
-8	40	36	-2	35	-45
-5	-22	-31	34	-6	-49
-10	-30	-15	13	-49	45
10	46	-9	13	-37	48
38	-39	-41	-38	-32	40
8	-22	-19	11	17	-18
-29	-38	-9	47	23	42
28	50	-4	27	44	28
29	-29	42	30	45	-46
-24	-11	-14	-21	-4	29
-33	44	33	42	-40	46
10	-21	45	-31	34	29
5	2	29	-47	1	13
-44	-47	-43	12	-9	49
48	21	-7	-41	14	47
16	6	-11	46	22	21
-37	42	40	16	33	36
40	-16	18	21	-19	-48
-32	-15	-29	-46	-15	-37
-33	34	-14	-21	-9	-11
14	-44	14	14	14	14
30	6	-40	45	24	37
26	-35	-24	-4	-37	-38
-47	39	47	-41	49	1
-34	21	37	21	-34	21
38	14	-27	50	-2	-45
0	33	26	15	-21	-15
6	-43	-20	-24	-34	-37
3	-12	-12	24	38	27
-35	-9	-9	11	21	20
25	-39	45	36	43	37
14	3	-12	27	-15	-38
-35	26	-40	-41	38	-25
34	-31	29	9	-46	-8
27	-13	33	-38	38	16
30	3	2	28	21	-27
-9	-49	-49	-42	-10	-29
4	-36	18	27	-2	-20
42	49	13	-31	37	-43
-5	37	35	45	3	40
-22	-36	45	-21	46	-3
-34	-15	39	8	34	-4
-6	43	48	21	24	27
25	23	-49	-42	21	7
14	-8	38	-2	-9	1
10	19	-29	-15	7	47
-34	18	29	36	12	3
22	22	1	20	22	1
-26	41	28	-23	17	13
16	-16	49	-30	27	-8
45	40	-16	-27	-43	0
33	-38	18	-38	44	-42
24	-44	-49	-11	35	43
-45	-5	-35	-3	11	35
33	-18	45	30	22	-27
-7	-36	-44	37	7	-47
49	35	25	-12	-43	4
24	-29	49	-31	-31	-26
-25	-25	-35	-44	-11	-41
12	-31	-35	29	-28	9
-28	-27	-46	-40	-14	-19
5	-22	-39	33	6	35
34	-19	-43	-21	47	8
13	-40	-7	-44	28	24
24	50	-8	14	-21	-34
-50	-35	27	-35	5	-18
48	-49	-4	-12	-4	-38
-4	-41	-25	48	34	30
47	-20	21	10	-9	-36
-48	-28	17	41	-26	50
36	-18	-35	14	-26	20
33	31	-39	-5	49	8
16	-25	-11	33	-13	40
30	-40	-29	29	-45	32
-10	-38	33	-14	49	-7
-50	-14	39	1	30	37
4	39	-13	10	3	31
26	-41	15	-2	24	-29
-32	8	19	22	-40	-41
17	28	6	-16	-9	36
-50	45	-25	47	-3	-3
-46	14	-47	-31	35	-22
-13	16	-26	43	20	-21
-16	46	-32	27	40	-32
-45	-13	17	-33	-4	28
-21	-2	-24	30	34	-12
44	-2	3	29	-7	34
-11	-3	-40	36	1	21
0	19	12	-16	35	-31
-24	31	-6	-16	38	49
-34	-22	0	3	12	17
42	1	-43	24	-9	15
7	-19	46	11	-38	-42
45	7	-11	-8	-35	-31
-3	40	-24	15	16	41
28	-22	-45	-29	5	-16
42	-41	43	40	50	-28
32	38	7	-36	21	-14
38	-26	37	-16	31	-2
21	-10	38	-42	-13	11
35	-19	16	-19	15	47
-6	26	48	49	24	-28
46	-45	-30	-30	31	-39
17	38	-33	-7	-32	14
-35	-4	19	-23	-4	49
-7	41	-12	-29	-18	-41
-9	-44	5	38	24	-4
-38	-35	24	-49	4	-42
43	11	-35	-31	3	50
-15	-29	7	-18	-17	-8
-16	-48	17	-18	20	-20
-50	-32	25	47	-36	-3
26	-10	38	-45	-22	-18
-40	25	-48	-19	24	47
-16	-20	-43	-48	36	-46
-14	-29	-3	-9	-14	-20
7	-16	-2	-30	-25	-48
-19	45	14	33	-18	28
45	-42	14	16	-36	3
35	12	-20	-20	35	17
10	19	-43	17	-15	7
4	48	-28	18	10	19
48	24	10	43	41	-42
46	36	-36	-43	32	-49
-16	44	-39	13	-10	-27
-15	1	49	50	5	44
19	16	7	-25	-14	-11
-24	18	-24	-30	-30	3
-45	8	23	32	33	-8
44	-14	-50	23	-41	34
14	37	-39	-15	15	-29
-21	-35	11	33	37	-11
-12	9	-40	-30	46	-12
43	35	39	47	-3	-37
26	-35	-40	-12	-7	16
-49	-28	1	40	10	-46
-9	-45	3	23	-11	1
46	-19	28	30	-1	-25
-16	-45	-47	39	42	-18
-27	-37	-45	-38	-37	28
-18	16	43	5	-20	-5
24	-4	-32	-8	-14	-35
-38	-3	-25	-22	-16	50
-41	-37	-23	-49	-19	24
25	-34	21	39	-36	-44
23	-5	40	-14	35	28
40	46	25	5	24	-45
-20	7	-49	40	-31	-7
-37	3	35	23	44	26
45	-14	-8	-40	43	-28
-27	-27	-44	50	-14	24
-2	-45	-35	-10	48	-13
47	11	20	-26	33	8
-39	-14	35	-49	30	-3
20	30	-14	29	42	2
5	11	11	9	25	16
33	9	-39	-41	-19	45
-47	-44	13	47	-13	27
-22	-44	28	-29	-33	-22
32	18	11	3	-2	35
27	-11	17	9	-47	15
-49	-16	33	-25	43	-2
35	-47	-37	37	-7	49
-35	7	-40	-40	-40	-35
-38	-45	41	25	-23	-3
-13	-13	-20	2	14	-31
-38	33	9	6	43	13
-23	10	43	-42	43	49
-34	-16	-24	48	-15	28
15	50	-41	-45	-41	36
35	-44	-42	-12	-22	-11
10	-8	1	36	-50	-45
4	19	48	-6	16	-50
19	26	13	-25	-39	35
27	44	-15	26	-42	31
45	46	-18	-49	37	19
42	0	-25	-28	-36	-36
-48	46	-2	49	-46	25
-13	36	-33	-29	4	-15
-17	-50	-39	1	47	28
-25	-16	-15	46	50	19
-50	-21	41	-4	34	28
-16	-44	-24	28	7	-1
-15	16	29	-23	-10	10
-34	-31	38	-37	-24	43
-37	-27	8	-49	-43	11
-46	-13	22	-1	-42	46
-45	26	-45	-45	26	5
2	12	-6	1	-23	9
-40	-25	-47	22	-30	-4
-17	-40	-20	4	-2	-35
17	-32	38	28	-9	-6
-38	-31	-45	30	5	-30
-21	-12	47	48	-35	-18
-8	-35	-47	37	-33	-27
19	37	-5	-18	18	14
38	33	1	15	1	20
-2	-11	40	-39	-17	-14
0	8	-26	27	-25	33
3	47	-14	-7	-23	28
-1	-40	-23	-34	46	20
49	30	-23	-11	-2	-27
3	-2	-39	-2	-28	-47
-10	-10	-28	-28	-2	-10
-42	-45	-23	-4	43	22
-30	-25	49	17	-35	27
-45	35	13	9	2	34
-23	3	20	-13	38	49
-46	-28	20	43	50	25
36	31	45	-16	50	16
-14	22	3	-36	-19	-13
47	27	-36	-3	-11	33
-10	-33	15	-45	-11	24
42	-9	20	-26	7	26
-41	-43	-8	45	-22	11
5	-27	-39	9	47	-1
-38	-40	-24	21	43	-13
20	19	-5	19	11	27
-45	-26	-19	37	21	40
-1	31	6	1	49	-18
19	-18	36	-2	13	-21
23	40	-45	14	-15	16
22	24	46	-5	-25	37
9	10	-8	22	8	-1
-14	-18	8	2	37	-19
-27	-49	50	1	-35	1
-36	-22	35	27	-13	-1
-10	-13	31	36	20	-26
-20	33	38	-43	4	39
-15	4	-41	-39	-9	-32
1	-12	-48	40	-1	43
1	-25	21	6	18	9
-40	-26	-32	32	43	16
-16	-27	-4	41	22	30
-46	25	-50	-28	-17	2
2	10	-13	-6	-34	-3
-4	-50	41	-10	20	37
36	-25	-13	-47	-18	13
-21	-26	-9	0	-25	-8
-43	-49	38	36	29	-25
-45	11	37	17	49	1
26	1	46	44	25	-7
-15	0	21	-7	18	8
50	24	-5	23	-24	-3
-30	-22	35	-43	-48	-44
-34	-13	-30	-5	-38	-38
-26	-11	-31	11	0	50
-36	-22	10	-35	-23	-11
-41	-13	16	-30	-30	-23
-35	-40	5	-13	45	-29
-6	-29	-12	40	35	-14
-36	-15	-35	-16	-24	24
-13	-41	-24	22	50	32
47	-37	-23	-19	-12	46
-8	-16	-11	-20	-15	44
-13	-28	16	-30	-30	-39
17	25	-3	-36	44	17
13	-6	-6	-6	13	-36
42	19	-17	-40	-10	-13
25	-9	37	-45	-20	-36
-17	46	15	47	11	36
45	0	-29	21	-27	-8
-49	-18	-18	16	-18	16
-24	18	-46	14	-16	-14
-11	-11	37	-11	37	32
17	-29	-49	45	-36	20
-18	2	3	-50	-21	14
4	-39	10	0	-26	-9
12	12	-19	-19	-43	12
2	8	4	-38	-36	42
48	-42	-50	30	19	-32
14	-25	41	11	-45	-32
-20	27	43	18	33	46
-30	32	-5	-24	-10	47
-33	20	-10	20	-25	29
35	-17	20	-31	49	44
25	-19	-22	-23	-6	46
-25	36	18	3	-40	24
-1	-25	-48	-22	23	-17
46	-1	50	32	-16	-20
49	-4	-36	47	13	-16
45	28	-43	-14	0	-23
-49	9	31	-14	42	-19
-38	5	34	-34	-45	-3
-46	-5	-12	-26	-47	-34
16	18	49	-4	38	43
4	-2	-41	-33	48	-10
-38	33	-13	-41	35	14
-5	18	-1	-31	-2	23
45	-30	36	-28	35	-46
-36	16	-50	-36	-11	9
-46	-27	-15	42	-38	-47
-30	45	44	-3	31	-23
16	-36	27	26	32	-15
-15	-13	19	-29	30	43
-4	20	33	46	-49	-17
-30	-5	-24	-20	-6	-9
7	39	-41	16	42	-15
-29	0	47	0	9	42
-41	10	-41	-41	30	10
-18	13	-33	-38	45	-42
23	22	41	-26	15	39
-17	-38	47	-2	-35	-37
29	7	14	46	15	-40
-10	-38	21	28	37	49
-23	-21	36	38	19	-15
32	24	-5	-20	6	-4
11	-12	-37	0	-4	41
44	10	32	15	-17	36
-36	-40	37	4	42	-46
3	36	-15	18	-9	9
20	-3	-39	-18	49	49
26	32	26	32	15	26
33	-34	33	-2	34	18
27	-16	43	-14	41	-44
-4	41	-43	34	-10	10
24	14	-13	47	-26	21
-27	23	25	-14	6	-14
-50	35	32	-38	8	-46
-44	-3	16	-49	-18	4
9	-14	-2	-8	50	37
28	-9	9	29	-10	8
-3	47	0	-17	6	-24
11	36	9	-19	25	39
29	-18	16	44	-1	23
47	36	-23	-19	31	23
-8	-19	-44	7	-22	-21
-27	48	7	-13	-44	-34
-15	33	0	-17	25	50
34	10	-31	-20	36	-18
30	44	-24	49	4	-46
38	7	39	-17	18	-2
21	34	-11	13	-32	-21
21	-1	-32	27	-18	34
2	-19	35	-36	37	23
-28	-14	-4	24	-42	37
48	33	-24	10	-10	37
-35	-23	0	2	-44	33
-4	0	-2	-46	29	45
42	27	-11	-31	2	-34
-48	24	0	49	-35	41
-4	-41	-13	-14	34	-48
44	-35	32	5	-14	-33
28	-49	-49	19	19	-49
34	23	1	-3	-14	38
-17	-14	-47	-22	8	11
-18	-50	18	38	-14	-23
-23	45	35	30	-29	-26
34	27	36	-6	-15	29
45	-37	-27	7	-26	22
43	-48	-48	48	-48	43
-2	0	2	-10	-43	23
34	33	18	49	-31	30
8	-43	-11	44	-11	30
31	-30	-29	22	7	30
47	13	-15	36	20	3
-32	-8	-21	-17	2	14
-50	-6	44	-48	-29	-19
28	-31	-19	19	20	25
-38	-39	7	-18	-17	-39
17	-38	47	-13	18	48
-13	49	-28	-49	35	40
-41	-46	-16	-4	1	-22
-25	-5	-14	14	26	22
22	-48	32	-46	5	46
9	-16	-44	-42	-36	-17
-24	19	-29	27	23	7
37	43	-24	44	-30	-33
-40	42	-39	35	6	43
16	-42	24	-44	-20	-3
-45	28	-5	-33	45	-21
-41	4	8	49	8	9
18	4	37	39	-21	-10
38	50	23	12	9	-31
28	18	-43	5	-50	-37
16	-43	49	50	14	-47
36	22	-33	36	46	5
-44	19	-42	6	8	-41
17	-28	-24	19	-46	27
34	16	10	35	-17	14
33	-50	-28	29	-14	-29
-39	2	-39	50	-32	-38
-2	12	42	-11	-43	14
43	20	-6	11	-25	-4
26	8	30	24	-35	-28
-13	-3	48	-31	-22	35
36	36	-11	36	8	8
-19	34	47	37	32	-28
-3	30	33	-24	-37	-21
-27	-46	44	3	39	-20
-41	-38	-4	2	-5	-17
-3	5	44	31	-10	17
-15	-12	-30	1	-31	-4
-46	-14	-48	39	-46	3
-44	-26	-35	-10	33	43
-4	-8	-9	-5	30	-1
-28	29	22	-9	-33	39
-3	18	-13	34	21	5
34	-35	-14	-8	19	19
-8	-49	22	-16	21	42
16	-43	-33	-29	-21	-50
48	7	15	15	-44	43
-21	25	19	-20	-41	20
-24	-47	44	25	12	-29
5	-41	41	1	-19	-15
17	-4	-48	8	17	-21
-42	-6	-16	40	-39	-44
5	5	5	-49	42	19
15	-35	-22	18	1	-50
37	5	38	26	-8	-8
-47	38	-45	-16	-45	46
45	5	47	20	6	44
-5	-7	33	-14	-37	-38
-19	13	3	-29	26	-19
42	-45	20	-39	10	28
3	22	3	5	5	5
11	-7	25	16	33	-32
-3	37	-30	-43	40	-44
-10	34	-35	35	2	49
-25	5	21	50	-29	-5
-8	-14	23	-23	31	-20
30	11	-26	-17	-28	-35
47	-5	32	-42	-11	-42
3	21	1	-24	-2	8
36	-41	-2	-22	50	7
-17	-3	-7	-44	-35	-34
38	6	-31	12	-43	11
-20	-12	33	21	15	-19
26	-41	-42	4	30	34
1	16	47	-14	5	21
19	10	-21	4	-39	-22
-19	-13	47	20	-18	11
23	5	-20	14	-41	13
-3	30	-37	-32	25	-14
44	-7	-34	-14	-24	-36
27	-27	-18	-14	39	46
-4	-39	45	1	-25	4
-44	39	-47	-16	17	-13
-15	26	-46	-10	6	42
-16	45	-2	0	-6	25
-49	8	27	47	-33	4
37	-35	-27	-43	-27	23
-9	36	-23	40	15	5
-4	45	-22	-21	-25	26
-27	-6	23	49	37	34
-17	17	-38	-5	7	39
-15	-24	10	1	-13	43
-7	12	-46	-16	-16	24
-8	-16	-17	-33	-7	-28
-24	-13	35	15	-33	-40
34	-11	31	-25	30	40
17	-29	10	11	37	-50
-4	-11	29	45	37	34
-25	19	6	-4	-42	-10
30	25	4	-25	30	19
12	6	-24	17	45	9
-12	47	-21	5	37	-26
38	27	40	-16	-4	-44
28	-47	10	-25	-46	33
-27	38	-10	23	-27	-24
35	3	43	22	40	39
21	36	-14	-5	-39	43
-8	-24	35	-38	46	38
-43	42	49	-48	17	-19
50	-4	-46	-2	-16	13
-39	39	32	-1	-22	-31
7	11	-12	-46	-35	28
-2	41	1	-37	-44	15
-11	26	-35	37	-6	-25
40	32	-30	11	-43	31
25	19	-10	-32	-49	-25
2	34	30	-27	-46	-29
-7	-37	-11	29	-1	-5
-7	36	-15	41	44	-31
-19	-47	48	4	-28	9
-39	-14	-47	4	4	0
1	0	8	43	-48	-35
-13	-12	-9	-41	-36	50
8	18	-47	5	-13	24
15	7	-29	-31	26	28
-28	-44	-28	-39	-6	-49
-10	-38	-28	4	6	-20
-5	-43	40	6	-29	8
31	-5	0	35	44	1
2	-16	-47	0	34	31
8	5	-26	50	40	-34
29	41	33	-13	39	1
-42	-7	9	-48	-8	7
3	28	23	-46	-40	-47
-35	48	28	17	-2	31
11	17	-2	49	42	14
-32	26	34	-50	-28	-38
5	-20	24	47	-16	-17
36	-20	-46	1	25	45
31	-50	-21	-4	-40	-38
8	42	42	37	-20	18
23	-26	29	24	44	-1
-8	-38	-48	-33	27	-36
-45	42	3	-22	4	3
28	39	-29	-19	8	37
-34	46	-12	25	-6	17
-31	-26	-29	2	-48	-23
-21	45	33	34	-12	45
-27	31	15	25	46	42
-31	-4	-44	-14	16	-31
27	1	6	-24	2	-42
12	-30	34	-14	-20	-29
-19	32	36	35	46	-37
-12	-34	-37	33	-19	-24
40	-32	-36	-7	-47	17
11	3	4	33	-26	-42
-45	20	-39	-14	39	-28
31	-6	-21	48	-20	32
24	-20	-4	43	-45	16
-27	17	-29	-42	38	30
25	-9	-44	-35	-41	13
23	31	28	-27	23	12
13	12	-30	-1	-42	6
-38	-50	-9	-47	38	-11
34	-2	30	-34	-10	12
-36	-2	12	19	16	48
-27	-13	-40	43	13	-7
-24	-17	-39	-17	-5	-21
-22	-14	-23	14	-39	-18
-28	-31	-16	-8	-20	35
-38	-27	-13	23	-17	-48
26	-26	36	-48	-8	34
24	45	10	43	-43	-12
30	9	-42	36	-36	-25
39	34	-33	-13	0	-28
46	-29	17	-22	21	36
-21	17	-31	-17	-10	-16
30	-6	33	49	-28	11
28	-38	-18	-41	17	10
14	-9	38	-5	-48	24
-24	-6	-33	33	30	37
7	-22	32	-26	-36	-18
8	32	-38	3	22	-27
27	-1	33	48	49	26
-15	15	-25	-25	-7	-19
39	-10	-34	46	0	-18
-30	43	2	0	-46	-46
-17	26	8	7	4	-36
34	-48	14	-16	-20	17
6	-9	-46	30	-42	-48
31	30	27	-46	-30	-17
8	43	-23	9	19	9
15	-1	-23	-18	31	4
-23	8	-2	-13	1	-48
-25	-26	-44	14	47	10
-20	-43	-6	-45	-43	-48
-45	14	-6	-29	16	35
-33	-2	4	48	49	-5
39	-8	-10	38	39	-37
19	-1	49	35	34	-48
32	-30	-31	5	36	-24
-20	7	-30	-17	-20	-22
47	50	-18	13	30	9
22	30	44	-21	48	24
49	30	15	-27	-47	24
0	33	-22	32	-18	-4
33	49	21	7	21	0
-25	26	13	30	-21	-36
32	11	8	9	-40	49
36	-29	-49	33	-37	6
38	-37	-28	-11	-38	-13
0	-14	42	2	48	15
34	-44	31	31	-13	15
38	-45	-4	26	-20	-6
-31	43	-26	-28	30	22
49	23	28	46	-49	-9
-11	45	-3	34	17	-49
-40	-25	-19	36	26	40
35	-4	-3	20	2	-4
-26	44	-45	36	-13	43
-16	-15	31	-14	-7	-4
4	29	19	45	-7	-36
45	19	-34	50	19	-45
40	24	25	-8	-7	-19
17	19	3	41	-24	24
-28	-26	-25	-13	15	47
-25	-16	-38	-20	50	39
-17	-43	43	-49	-10	-21
27	-48	-10	26	-31	-17
-32	33	-39	-25	47	36
23	-24	25	-9	6	15
33	31	-32	-18	-43	-10
41	32	-17	-32	37	-47
-43	-3	-32	11	-1	28
-2	-5	5	8	3	34
-46	-31	5	29	-47	21
27	-42	-31	-6	-19	34
20	20	34	-28	-7	-6
48	35	-32	-3	-30	32
-43	-30	45	-16	-23	21
-41	13	4	6	-16	25
-34	-31	-10	-2	-44	-49
26	26	20	9	30	2
16	-4	28	48	0	34
4	-44	48	6	-7	50
29	-48	1	-7	-6	19
4	-49	-8	-14	-14	-27
0	-7	-3	25	50	-22
-15	-35	7	-22	48	-38
1	18	34	8	35	2
-2	44	20	-8	-23	-28
-42	-25	-17	36	13	48
2	15	18	-32	16	-20
39	-42	6	40	9	-22
-24	-43	-27	-6	-11	-7
46	39	-31	14	45	32
-20	24	36	3	15	-4
-7	-8	46	-46	31	24
-43	3	7	4	-17	22
16	45	6	6	18	5
-24	-34	26	37	0	2
21	50	3	5	45	0
47	-40	11	45	-11	-18
-17	-38	-12	-36	-48	27
18	4	-40	42	-36	34
-14	-14	45	5	6	-31
-8	4	-37	-23	-1	-6
35	1	26	-2	-44	-3
19	-38	-29	-35	13	45
11	5	-34	24	-37	44
18	-8	-30	-21	42	5
39	-24	-30	16	31	32
33	42	-26	-42	25	-19
28	-7	-41	-7	-21	7
-11	-43	-49	7	15	-12
-44	28	37	8	-30	16
-4	-1	48	8	-14	25
38	-1	26	-43	17	-49
-41	18	-19	-44	2	26
32	31	-45	23	-36	43
23	-49	-43	28	44	18
-10	49	42	-48	-19	-43
9	-3	48	-21	-11	4
-17	-24	17	11	21	-3
26	14	-45	42	-5	-32
43	-19	-48	-26	31	-9
-43	-33	-6	-10	10	50
-33	13	37	8	25	39
-48	3	-13	18	2	-21
-8	4	-47	41	42	18
-37	-27	12	-6	-15	29
0	-12	-4	4	-4	0
34	11	35	48	-9	-48
40	-23	-23	41	22	-21
-46	-44	29	40	-1	-2
-6	-48	46	34	-38	-33
-36	-2	-6	0	-24	-35
-9	12	17	14	-32	3
39	49	-39	-15	-20	0
16	-14	44	-18	-40	-30
-38	8	36	1	33	19
-46	-20	12	12	-32	-34
-6	-10	-37	13	40	-9
-7	46	42	12	43	13
-41	-42	15	20	-12	-48
-49	-21	-24	44	-37	-6
-16	-6	-23	-20	37	-11
-10	-43	45	-49	25	-41
-5	-5	-22	-22	-22	26
-15	-8	-24	25	-37	41
-16	-7	7	7	17	33
5	43	-40	41	-18	22
32	14	33	38	30	0
-48	-11	13	23	14	27
-35	-2	22	-19	40	-17
9	-36	-45	-7	-50	-28
22	49	13	31	30	14
-41	33	1	41	-33	49
23	-26	10	18	-6	-31
-24	-16	33	-19	-38	-27
-33	31	-38	-13	6	-33
-31	31	-31	48	41	-42
-42	-22	35	5	36	17
-35	-39	-33	15	-17	-43
9	48	-27	9	-41	4
28	-44	-17	-14	-35	41
45	41	-50	29	30	42
1	7	-4	25	-43	18
6	38	47	15	-4	-27
4	32	12	-44	32	38
-31	-21	-38	11	10	2
-2	16	11	40	40	38
-24	5	46	14	0	26
-39	32	49	11	-20	-24
16	-40	12	-44	38	-11
28	-43	-19	-7	16	-27
9	-21	-32	-20	-17	5
-22	37	-8	33	48	-36
-12	-15	-4	-31	45	34
-22	1	46	41	34	-27
10	-17	-21	19	23	-48
5	17	39	19	23	-12
-16	32	18	-21	-45	-9
-9	43	38	-41	40	-47
46	-19	-43	-11	29	46
-8	-36	46	26	-26	27
44	-32	1	20	8	23
-18	-8	-30	-39	-28	46
-13	42	29	4	-23	-23
4	30	7	-50	-41	-36
21	26	30	-29	-48	-13
18	-44	-41	38	-41	-16
41	-36	31	-44	38	48
23	38	11	-41	2	37
-6	39	-34	43	9	4
-36	-31	21	24	-13	4
-25	13	-21	4	3	-50
-41	43	-50	30	43	8
-9	23	32	10	-4	43
11	45	-13	-28	-18	1
1	-7	-34	-17	23	-33
-1	-36	-4	-26	-44	-49
25	-14	26	-4	-38	5
38	47	43	5	-13	-27
38	6	-47	44	-12	2
37	-3	28	-32	-22	7
42	34	2	-25	-24	-33
29	23	-50	31	-24	-34
39	31	-10	22	-50	27
48	8	-28	-21	-45	-48
-3	-48	6	45	-23	15
21	37	19	5	27	-8
-24	-39	48	41	19	-33
-43	34	-38	28	13	-19
32	-49	-25	-24	14	10
-40	9	-19	-10	-21	3
28	33	7	-40	10	-48
33	-15	33	40	33	-43
35	-28	20	17	5	9
38	-36	-39	-37	39	-15
7	44	-28	17	-39	18
35	-40	-17	30	13	8
37	19	-36	-9	-3	-32
30	-36	16	-30	9	-5
16	2	-35	32	28	39
22	-13	1	19	7	-24
36	-14	18	6	13	-42
39	6	-16	-32	-39	-22
5	40	-42	10	-13	-2
-13	-16	-9	1	36	5
-2	-2	-37	7	-15	50
-35	-42	49	36	-26	-37
-27	-34	45	33	-38	29
-17	-13	19	45	-12	15
26	42	31	-21	-12	-35
28	24	-18	33	41	20
-14	-18	25	18	-34	-32
-40	-36	19	37	38	-9
-39	31	-50	11	-37	18
-12	-19	-33	-44	38	17
-14	29	16	-35	31	0
-31	37	31	-41	3	24
9	30	9	-33	46	-44
19	-22	-48	46	-50	-6
-29	10	-33	35	-4	-43
6	11	49	-37	31	-15
9	8	3	-50	-25	38
-1	-6	-6	-35	-13	-12
-28	-38	7	20	-8	33
41	19	-19	-39	40	18
-15	2	-3	-21	-29	-19
23	14	36	-17	16	-36
-15	20	-6	5	-22	-7
-39	27	-27	-45	-13	-5
-11	9	-12	-42	0	27
21	6	-30	-40	30	44
12	15	49	-28	40	-4
-19	-23	-47	-28	24	-35
27	-11	-2	18	48	-13
25	26	33	-4	19	13
1	41	-9	-41	16	48
-2	-4	-37	19	48	-25
14	-50	38	8	7	-3
-31	-47	42	-42	-42	-14
-48	-48	-28	-34	-19	30
-28	-6	-13	-13	-13	-28
-10	39	-40	25	33	-30
9	8	7	7	44	30
42	-27	26	39	35	19
-4	-2	8	38	-15	-10
4	-19	23	14	41	15
-18	-38	42	-50	16	25
-40	-1	46	50	22	-20
30	50	-9	1	-46	-1
7	-1	26	38	-39	-22
-22	3	-43	30	-10	-48
36	14	23	33	29	32
9	47	30	-47	35	29
-15	32	9	-47	-48	-24
-6	15	-27	-29	-23	-45
-18	21	-10	17	36	-4
28	-41	37	32	-31	-40
27	6	-10	5	14	-1
21	23	33	0	26	-7
35	-23	4	-36	-37	6
41	7	38	-46	-19	9
46	4	3	-30	36	-19
-33	23	-36	-45	-43	15
-38	-18	13	40	11	13
23	41	-30	34	2	-45
-34	-15	-6	5	-50	43
-31	34	26	-14	-4	-8
-16	36	1	-26	27	47
15	32	47	-12	36	-47
2	-45	-7	-33	22	49
-44	40	45	40	-4	-7
-2	-9	-11	-20	8	31
36	-23	-40	-35	10	-18
23	25	4	32	-18	-5
-39	46	48	43	-39	2
9	17	18	23	36	-16
-15	28	-34	27	-12	-9
-16	-38	49	18	4	7
35	-46	-13	4	-47	-21
42	-13	-48	18	37	-15
48	-12	6	24	-37	-31
-28	-48	3	13	18	4
31	50	-37	-29	17	3
37	5	3	-28	24	19
-39	39	-42	-5	-16	-19
-30	-39	-22	42	9	-41
50	23	42	29	-36	27
5	32	-8	22	-50	11
-26	-37	-11	12	-37	6
50	-19	23	-48	47	32
40	50	-41	-30	5	23
23	-24	-30	31	32	-35
-31	5	7	5	-6	9
9	40	18	-44	-25	18
-19	-32	11	5	22	-6
-36	-33	38	49	3	43
-38	12	11	-7	-47	47
46	-28	44	-28	-49	1
42	-47	-29	-8	22	-50
21	-40	-1	-19	38	19
-40	-45	-43	-34	26	-19
-36	19	1	-42	-18	-47
9	1	-39	47	24	40
-41	24	-34	-7	-20	-14
23	23	31	-16	6	-16
-12	-9	-9	18	-5	10
26	49	-26	-11	-15	15
13	3	4	41	-48	-36
29	-48	-3	-32	-31	-14
-38	-31	-40	-26	-22	-41
-8	-29	-17	-30	14	-19
0	-29	16	-2	34	3
40	8	-20	-13	20	-29
40	44	0	31	-27	36
25	-30	44	-6	-42	-27
25	30	-15	36	15	37
-17	-40	-17	-40	-15	-17
-43	-19	-5	-24	-32	18
4	-41	8	45	-22	19
12	18	-27	15	5	-12
-49	-47	-30	37	-28	41
-34	-44	-8	-39	47	19
17	17	-40	-40	-40	27
36	-2	-16	-7	-31	29
23	43	21	-12	18	-44
-6	19	0	-37	46	20
-15	44	-9	1	46	21
2	19	49	-14	-15	12
-24	9	25	31	-50	6
-41	-24	-23	-13	-31	9
10	-34	-47	32	-38	13
9	25	0	-24	-19	-1
-49	16	39	29	24	-14
-43	-38	-16	25	46	32
-9	35	45	-37	43	-45
6	6	-15	-38	-10	27
-26	26	18	12	41	35
50	36	32	22	-36	-18
-45	-20	-5	49	29	1
-13	-29	49	-37	48	43
34	-16	-18	-6	-12	15
18	-21	35	-3	24	-27
-23	-25	-24	42	8	-34
16	-9	-40	-21	19	-20
-6	-6	44	47	19	21
47	38	17	-45	44	-24
9	-10	22	50	17	-36
-30	-34	12	-38	-27	-2
-39	9	35	0	-9	33
-10	30	30	8	-19	20
-12	49	40	-40	17	41
1	-41	25	-23	-6	30
-24	-19	-28	41	39	22
45	47	38	25	-21	39
5	10	-10	-49	-7	-36
6	35	-33	4	15	-36
16	-14	45	14	-14	15
33	39	-33	-32	9	38
46	41	50	22	-9	-50
-17	27	43	16	20	-28
-36	0	44	-35	-1	-29
-37	38	39	-5	14	19
41	-28	-2	29	-12	18
-14	33	-40	-48	-50	5
43	26	-17	8	47	20
14	-49	14	-26	45	49
3	-21	-48	-40	50	-32
6	47	-45	-50	41	48
-50	-48	16	26	35	10
-13	21	-41	-40	-11	7
-31	38	-21	-31	43	-40
31	-15	-44	-26	13	49
-18	-5	35	20	34	-4
-49	19	21	-7	-30	45
2	31	5	-39	-42	-41
-28	16	8	-19	-31	2
20	39	-31	-31	-28	-24
9	-37	-35	-8	-21	44
-31	-10	-8	43	42	15
15	-45	-16	40	48	22
2	-23	-9	50	-24	-42
40	-2	5	46	16	-25
36	-38	-45	17	-34	-9
39	44	-34	-32	-44	-25
-46	-42	-12	-46	-42	-42
-40	8	18	-2	-42	-32
37	29	49	-43	-41	32
-44	-9	-9	23	9	-34
37	40	21	2	-2	42
-3	33	7	39	35	-23
-6	-39	34	23	14	33
10	25	15	7	33	-16
-31	14	26	-1	29	-23
26	30	-17	3	10	-30
-35	14	-2	16	-32	3
-15	-19	-39	-17	-14	-25
-5	-2	36	13	-17	-50
-32	0	-39	-43	-46	-16
-49	20	39	-10	-21	-23
-46	-19	-15	39	-13	40
-19	40	-36	-45	-32	47
48	-26	37	4	-16	5
13	0	-23	-11	-43	32
-37	-11	10	27	34	-18
-18	-16	-1	49	17	-49
-50	-2	8	8	49	-39
-9	33	-21	-47	-22	-23
5	-23	-6	-40	37	-18
38	-32	30	41	-28	-34
-35	9	41	28	30	-22
24	20	25	-29	50	15
-23	34	-38	-14	39	-44
-1	13	17	-35	-14	-1
26	-24	41	21	21	7
49	17	41	26	37	-46
-10	-23	49	49	-23	49
23	30	28	16	37	-7
17	50	50	17	17	1
32	6	8	40	-8	-20
-10	-48	7	-35	-44	-9
35	-32	-13	-7	-17	13
26	-9	46	2	-35	-23
-44	-12	44	28	29	1
-49	10	-19	-30	-40	42
-28	12	-9	28	-24	-29
-24	-13	21	-29	28	-41
-46	-27	-43	20	-17	-49
36	-35	6	-45	-31	-14
-30	13	-50	22	-48	-16
-35	-18	28	-36	8	6
49	-9	-46	34	-27	21
22	-29	15	38	-21	-11
25	9	-32	16	19	-16
-27	-15	19	-49	7	31
-33	40	25	22	0	15
-18	-3	11	-43	43	-37
15	-41	5	-40	-17	4
-38	-29	36	-1	-3	44
4	-13	43	39	46	-45
-30	-34	-41	29	-20	26
37	7	6	7	1	28
-10	-23	33	-19	38	7
31	-9	19	-50	27	10
-30	-38	32	-39	-8	-31
-46	-37	2	38	5	-12
-26	-22	19	34	-9	27
-36	-35	18	-40	39	28
29	37	13	-48	-6	-45
-47	-44	-24	-8	-7	-42
32	-17	-31	31	-14	-30
-7	-26	-29	26	2	24
-4	18	-15	-3	45	-13
-48	38	-24	-27	-44	-15
-6	33	26	50	-39	37
37	-11	25	49	19	-36
-17	38	34	49	-9	6
-2	-12	19	5	-30	-21
13	-47	30	-42	-23	39
50	27	32	-8	-41	15
-29	-37	-1	10	37	10
-30	25	-24	-40	44	-42
16	-21	-15	-36	-7	37
16	14	15	-26	-50	15
-32	-44	-33	-5	-46	-50
-40	-50	36	1	-24	32
0	-16	50	33	48	-10
-16	-12	-13	3	-26	11
8	-19	43	-6	-26	37
-29	42	16	-20	10	-21
-41	37	36	-50	44	5
42	8	-45	-2	-43	-9
-2	10	-30	-29	-41	39
-21	-30	3	40	3	18
0	43	-47	3	-29	-10
-39	17	-5	19	-4	15
-29	20	-26	-22	-23	-21
33	-5	24	37	-2	-42
-22	47	12	-30	45	-5
14	37	-40	-8	-34	-43
-45	17	-20	27	-4	-30
-31	15	-3	-20	-46	-28
26	32	-42	-30	-6	13
-8	36	-43	-15	8	-46
-31	-5	-2	47	-28	50
14	-19	-34	11	-39	-23
1	-31	-30	26	40	-7
-11	13	8	0	25	-13
-49	-50	42	-43	21	-18
35	24	-40	-3	-3	-47
24	-25	25	-7	42	9
-7	37	2	-36	31	-4
13	-6	-29	-49	-19	42
4	-50	-23	-16	-16	34
-3	-12	26	-7	-25	12
-4	43	23	-17	-41	6
7	-40	-3	13	19	50
27	-18	21	38	42	-22
5	33	42	40	8	-24
22	13	43	-6	30	-32
49	26	-44	-47	-3	-37
-36	4	-36	-5	-46	32
50	-12	32	3	-10	-6
34	39	17	-8	8	-32
-38	-23	-48	-44	38	16
44	21	32	-45	48	35
-40	-37	-38	3	38	-34
31	17	33	-13	47	32
1	-5	27	28	-30	-14
-38	-33	-44	-12	-46	-45
17	6	48	-16	11	28
32	-46	49	-40	-38	-17
-13	-44	-26	-35	31	28
40	13	27	38	6	-3
8	-20	-41	50	-24	22
-10	11	21	-3	-1	-10
-41	34	-30	21	-9	-15
-27	24	26	29	34	-20
-20	-40	-37	-19	2	-5
-21	-46	-29	50	33	-40
-6	-29	-34	-16	26	40
8	-37	-46	21	7	31
27	-8	-27	-46	17	-29
-10	-9	-2	-20	37	28
4	-19	50	-9	-29	-25
-38	1	-17	35	27	50
28	14	-12	-14	-47	0
7	-16	37	-45	45	36
7	-37	23	22	-9	47
-5	-12	43	-38	37	-35
-34	44	14	-9	3	21
1	8	-44	21	-25	24
-32	12	14	-36	-28	-34
-4	-24	-29	49	-35	-49
14	23	41	15	-8	-39
17	-8	18	-26	49	-47
-3	-39	7	-45	-42	15
-41	21	-34	23	-27	-26
38	-22	44	-32	6	-12
49	35	-47	-25	-37	28
38	30	5	-35	33	-1
-2	24	-6	-49	27	9
-38	6	-19	40	35	10
22	-33	-31	-40	30	-16
24	-27	12	-6	-50	50
49	39	23	-10	-3	-34
15	8	-11	18	-25	17
-1	42	-7	48	-47	-32
-29	-26	21	8	-31	22
12	-29	12	39	15	1
11	-34	50	-16	50	45
2	12	25	10	40	23
6	0	32	-19	-15	48
7	34	-13	-12	19	17
7	38	44	-22	-20	-48
-17	9	0	-6	-10	12
-3	-47	-24	-34	13	-47
30	8	-19	-32	-35	44
-5	38	-11	39	-48	16
-32	-1	-44	46	-31	-47
37	-38	37	-7	-47	43
2	46	-6	-35	-39	32
14	-32	18	28	4	45
-17	-1	45	20	-24	15
5	5	28	2	-42	-21
-4	6	23	49	-1	22
-38	31	-34	21	5	6
-31	22	-36	-3	-25	47
31	14	22	24	10	24
-31	-2	5	-43	16	2
20	38	-26	-34	8	9
-43	40	-1	24	22	47
7	-22	44	50	-12	29
44	43	32	-3	7	10
-49	-6	34	-4	-40	-50
-17	50	1	-46	-24	50
25	41	18	-26	-28	17
27	0	-41	27	25	2
1	23	50	31	10	22
35	40	-49	-38	19	-41
-8	-23	32	-5	36	-25
-22	-44	-30	-5	26	-16
-19	50	-25	-34	29	-12
-3	-30	-33	1	11	7
49	-17	-28	45	-6	3
-47	-49	1	-29	-49	-20
18	46	14	24	-23	-40
9	48	4	38	26	-12
-25	-30	21	-25	22	12
-35	18	-7	17	48	30
38	17	39	1	-4	-8
-1	-37	12	-3	-5	-29
44	-36	5	48	7	44
-23	6	-39	49	16	-9
10	10	-36	34	-36	-30
32	44	47	-47	-12	-48
24	40	40	24	-27	40
-41	31	38	-40	1	20
-34	-12	28	19	10	-18
28	-48	-33	39	38	-1
11	-5	-17	-30	40	-44
-24	47	1	-2	-34	22
44	25	-31	-50	36	18
2	-18	41	20	48	-4
-2	-29	12	-39	25	41
-43	-10	13	-26	-25	21
35	49	-49	30	-43	-43
7	12	35	-9	-13	-40
-9	-10	-13	1	19	-24
-27	-27	46	46	2	-27
-16	-32	34	-38	-44	32
23	26	-45	37	37	-32
-45	10	-50	3	-40	-31
47	-32	26	-37	0	-43
5	15	-45	-18	14	10
-47	-4	1	8	-25	36
5	-25	45	3	-36	-11
15	4	-2	44	-18	-32
-30	-5	29	13	28	-27
-6	-26	3	14	-33	20
10	-32	21	-19	18	17
-35	-41	18	13	7	43
-23	26	23	-19	36	49
-4	-4	-34	-8	-42	-30
4	31	-31	5	17	-26
-26	-15	41	-4	-11	-32
-9	-45	-23	-41	11	21
44	-40	32	16	11	44
-33	-41	-46	-35	11	34
10	-43	10	10	-50	-50
-7	-2	28	32	-19	4
-9	30	-14	-1	-41	-15
24	-16	-50	-32	13	-6
-2	10	24	34	-33	-11
4	-48	3	-18	5	-37
27	-29	47	-43	38	39
-24	-27	9	-29	-37	-39
-10	5	-40	18	-45	33
-50	2	34	24	-3	-29
-27	48	-44	-32	-45	23
-20	26	34	50	8	29
48	-46	14	-31	45	-49
49	-31	-33	4	-8	27
40	-20	-30	43	-22	26
-7	32	48	-12	-24	-12
-47	24	25	13	11	-32
-49	-20	-25	-16	30	33
15	14	9	-19	-20	29
-20	35	-19	28	41	-6
-8	9	25	-33	23	4
-1	5	-1	8	-42	13
-24	-35	6	50	-12	40
-32	-14	47	24	-14	43
49	40	-18	-46	-11	22
-22	-15	1	-26	45	49
-39	4	-8	35	-39	46
-12	-2	-33	33	26	-25
31	-6	32	6	-33	-9
-45	-7	-12	-39	-12	27
-19	-9	26	14	5	36
-14	-10	-50	-10	0	-45
35	24	42	-36	-42	9
19	11	18	-26	-24	21
-18	-4	34	8	2	47
16	25	-47	-17	-13	4
24	-4	-50	22	-41	32
42	-21	47	-48	-43	5
1	-34	2	40	49	45
26	-46	-30	-5	-8	33
7	44	-12	24	33	-35
-45	13	-21	21	37	18
5	-46	5	39	-23	-46
15	-24	-11	47	29	-13
-5	-25	-13	-7	41	-28
10	20	-44	4	-49	48
48	-40	46	31	23	-15
33	-16	37	-46	41	-3
-20	-25	13	-18	46	-27
2	2	-12	-23	14	14
13	-7	-44	-44	-27	16
-33	-22	45	49	12	15
-48	27	44	47	8	6
40	-49	-36	20	-17	16
37	29	22	22	48	1
42	17	16	45	19	45
-45	50	-35	0	-29	50
8	-20	-38	42	16	-10
21	3	32	19	-9	46
25	20	-24	-8	41	-16
13	-16	-36	39	16	-18
-19	-39	-23	-14	-45	-1
-41	37	10	-34	45	20
27	-15	-15	1	-14	-2
-18	-6	-1	29	14	-7
8	-14	43	-23	6	4
14	-36	-41	2	27	-22
19	-2	-20	-9	-27	-48
-22	11	-7	-14	29	-5
26	37	-50	-18	-30	-11
-2	-34	42	-34	18	36
0	7	-26	44	12	-14
39	-28	4	25	-49	-31
35	-42	-41	13	36	21
-12	14	-40	-47	19	41
-44	20	17	50	-50	37
11	-19	11	-5	3	-28
-35	-18	39	4	-26	-17
14	-32	-29	18	-10	-38
41	42	-50	41	-50	-50
27	29	-8	45	-41	-17
-32	-46	26	-46	-14	26
50	37	-4	21	30	-34
-7	-43	30	41	-9	-49
6	30	-5	6	3	34
30	-11	8	-19	-33	-22
-50	8	-30	-1	-28	-24
19	29	40	-38	-40	34
39	18	25	-28	-4	40
-45	31	-36	49	7	-29
28	-44	-41	28	28	-41
23	28	-5	15	-16	34
-29	33	33	33	-29	21
-6	39	49	-7	-19	-3
37	22	0	-1	-36	-14
9	41	41	9	25	41
-33	-18	-11	31	26	-50
12	7	-10	-20	18	-3
50	-40	-50	-14	-3	-41
50	-37	16	10	-14	-17
33	24	31	-39	21	-21
-49	5	-7	23	-37	-46
-41	-24	-42	-27	-9	-2
-15	30	-49	11	-26	29
-46	16	-38	31	-22	46
-28	35	-34	-6	-49	-18
17	11	-18	36	41	9
-36	-22	9	19	40	-11
30	7	29	-7	-31	10
-34	-24	-49	-43	-24	39
50	6	-19	-14	47	45
24	-29	39	-18	-39	-39
-30	6	28	5	-35	3
38	-1	-28	-5	28	33
-23	9	-26	9	37	-27
-9	-12	-15	-37	-13	15
-21	-50	23	43	33	-40
27	49	42	-8	17	-4
25	-49	-49	-49	-13	-13
-45	2	-17	23	9	37
24	-5	24	17	34	49
18	-41	-8	-32	17	-1
5	-48	-7	-40	16	-28
36	10	50	-47	-35	-5
-13	32	1	30	-27	33
-24	45	-7	-38	-5	-13
-10	-31	14	-23	-19	17
32	35	-16	47	-28	2
50	30	-6	-18	-50	-22
45	-41	-45	15	25	44
19	36	-37	0	-3	26
-36	-43	37	-47	33	37
-5	50	40	17	47	50
-49	-27	-16	-25	-33	-13
-41	-18	-11	-37	33	-42
-47	-48	26	20	36	13
43	30	1	-45	13	26
-42	24	48	-28	-42	-41
4	-38	-15	-26	18	-8
16	29	4	20	-8	-13
-41	-47	32	-6	-13	41
-7	-8	-17	0	-32	-22
33	-14	-45	0	-19	44
42	29	-31	-34	46	-2
-4	-50	47	11	-48	-46
-11	-25	25	25	-10	-12
6	45	19	-35	13	0
-50	9	-33	-14	-31	50
-50	42	-1	15	26	-35
48	-15	20	-18	-9	-17
37	-40	-12	42	6	0
-22	39	17	-41	11	-47
-39	-27	-6	-32	1	17
36	-7	-32	-9	48	-48
18	-48	-31	-7	30	42
-20	15	-6	-50	-25	15
-21	-4	23	-20	18	-7
-33	-7	44	-23	3	27
9	-25	18	11	-27	-29
-20	6	41	40	42	7
31	6	-19	-17	-2	48
-33	-35	-48	9	26	32
-44	10	-38	-41	25	-32
-16	2	27	5	41	43
39	10	-23	-17	-39	-12
-28	-45	27	32	23	-21
-4	50	39	11	-28	42
-2	39	-12	42	-29	-15
6	-2	25	-21	28	30
33	4	38	42	-2	27
4	33	12	33	12	33
-36	4	-35	10	47	35
38	-22	-38	-1	20	-43
-3	27	-14	23	-38	11
43	44	-30	-50	36	-18
32	-42	3	11	-49	1
23	-30	-34	-11	44	-12
18	-31	14	27	29	-2
-35	-17	23	-21	-43	24
22	4	-14	45	-16	-32
-44	9	-29	-24	18	12
-34	42	-3	26	-11	-26
10	-31	-48	-32	-13	-16
50	12	-18	1	2	-46
32	-3	11	8	-29	14
-10	-16	20	-5	-39	14
17	28	-11	25	29	14
22	34	36	8	39	39
44	-34	-37	19	8	47
49	50	41	32	33	40
11	14	24	-12	50	-34
-33	45	-26	-31	18	-17
-2	-47	14	-38	-2	25
-49	46	-30	34	-10	13
-1	35	19	50	4	50
-8	47	3	3	32	31
-15	-18	7	19	-4	-19
45	4	-49	34	-42	-18
-8	-45	-11	-12	-7	-3
-4	25	19	32	-45	41
29	15	-45	-14	6	38
40	30	31	16	-41	17
-45	-40	-28	6	12	14
33	46	-23	27	-6	-32
38	39	28	-36	-18	-32
47	-45	-45	47	-38	-45
39	15	0	-39	-24	8
44	-25	24	12	-11	-10
-50	48	12	-11	26	27
42	-49	-1	-46	35	-36
-43	-45	35	-24	-48	-45
16	-41	-43	35	-50	17
-28	5	-41	21	23	-1
28	-29	34	-33	18	12
-26	-20	37	-50	-36	11
17	30	-16	-10	7	-28
7	-43	-10	50	-16	-37
-10	28	-10	-27	-9	-37
35	27	15	-39	-7	-17
-15	3	46	-8	-32	42
-45	-31	-5	-20	-44	-16
3	35	0	50	41	-16
-37	-15	-42	47	-39	41
45	-22	47	16	-31	-43
-23	11	-24	-28	-36	0
-23	-48	48	15	-33	-30
1	22	-11	-8	13	-8
-40	-36	-34	-36	41	27
-42	8	-6	-8	1	-5
8	34	0	-47	-37	8
8	3	-3	-9	-19	-38
45	22	31	-44	-10	8
41	1	36	-12	-20	-17
47	-20	-40	18	49	-36
12	45	-19	18	8	-22
48	-11	50	-48	8	-2
47	-41	-26	-25	-45	39
5	5	30	16	17	11
36	-19	12	-35	19	5
47	43	11	36	-13	48
-12	-33	-39	-11	48	9
-46	17	-39	-27	33	31
-9	-9	18	-27	-16	45
27	-14	35	37	32	-30
44	2	16	18	20	41
0	-40	5	44	-36	-46
-44	28	-29	-30	31	-26
-12	40	-16	-45	-21	-14
39	-20	5	-34	-30	3
21	-9	23	16	-9	10
48	-29	-31	-2	25	30
-11	-39	-49	24	-46	-14
22	41	-26	0	-20	10
13	7	-37	-11	20	-36
-6	-12	18	27	-7	13
3	42	-35	32	39	-18
-50	24	-11	-34	-34	-23
19	16	20	-34	43	42
-23	35	15	46	-15	-45
35	19	19	-32	29	24
6	17	-14	-2	-47	49
24	27	-17	41	-15	12
38	-48	37	-26	-7	-11
38	-19	-1	-17	-49	-44
36	-42	2	14	7	-46
42	21	8	16	10	-35
36	29	1	-44	32	-35
20	29	4	13	49	22
-1	0	40	9	33	35
45	41	16	36	4	49
-46	-27	36	16	-35	-45
27	16	-16	-12	29	6
16	-35	44	-13	-44	27
38	-16	-46	-6	36	35
19	-3	-27	-15	-10	27
43	-19	-39	26	6	-1
15	-23	-46	47	-30	-5
-38	-19	-13	-38	2	-5
45	39	-29	-23	-30	-7
-19	27	-26	-18	-33	-14
32	3	10	31	-24	21
-41	-18	30	-39	-36	-47
44	11	-7	2	22	-15
-3	-42	-15	-2	29	6
-8	-10	-17	3	25	-36
15	12	-49	15	-14	-5
50	-26	5	14	-45	-39
-20	-47	33	29	-29	-4
-21	-12	23	-44	-27	2
-43	46	-31	42	-14	-49
8	-38	45	38	-3	-12
-33	-23	0	-31	21	-23
44	-15	14	-44	-2	30
29	5	-8	9	-8	0
-20	5	10	44	50	6
47	-33	-32	42	19	-35
33	29	-25	14	21	32
-49	-16	18	11	43	-9
31	-35	28	38	20	-34
0	-21	28	17	-48	-32
-3	48	17	-22	-11	30
34	5	-27	-10	-14	-3
-11	14	-27	49	-17	10
15	-40	14	15	34	-24
-24	34	4	50	18	5
-15	-29	0	0	-45	38
26	44	-17	-8	-34	-1
41	6	21	42	30	21
-45	-33	39	-50	-9	10
31	-11	32	10	3	39
35	-9	47	19	-15	-5
-43	-35	-19	-36	14	-31
6	-26	32	-35	46	-20
-21	16	45	-22	-48	-17
-35	37	-1	1	-25	-41
12	29	-7	-31	36	-39
-43	4	7	-29	20	47
-39	-36	-41	3	-15	48
29	2	18	9	-9	38
-32	1	-39	8	31	-1
31	-25	-32	47	11	24
-7	40	6	-3	12	-49
17	30	40	3	12	-38
40	23	33	42	-39	48
-49	-48	45	-12	47	0
-50	-17	9	46	-8	50
-16	-43	-36	37	39	6
-40	-32	-9	11	15	3
33	-9	40	23	4	-21
-23	46	27	26	20	-25
-35	48	12	0	-13	-11
-50	41	12	45	-10	20
23	-26	44	29	-42	6
29	15	18	10	11	20
-8	-28	-7	50	26	-6
46	21	-44	-6	-50	-40
25	15	-18	-45	19	14
20	-11	-15	50	49	-11
27	-49	-44	1	-47	-9
-29	49	21	47	-8	-30
11	-35	16	-33	43	-38
31	30	-34	50	-14	-17
22	-27	26	-46	26	5
33	-5	-1	15	34	-33
6	6	31	24	39	-33
-29	13	-1	-9	-21	50
34	-28	-20	-11	-14	-39
11	-8	19	-25	-12	46
-28	38	-29	17	24	35
-27	46	-20	32	-46	-27
-44	40	25	-42	-4	-21
46	-11	35	-27	26	-34
31	-26	-45	-27	-10	-12
15	-6	-18	-15	35	11
-21	20	16	2	-48	20
-48	-42	5	-4	-41	29
28	-17	-32	-46	-19	-35
-17	43	3	-23	34	31
-7	-31	-15	-27	34	-47
13	-48	43	-27	-37	32
25	-32	47	-28	9	-40
-21	-41	12	37	-17	-26
38	-16	37	15	-12	4
-1	-16	42	-20	45	-5
47	-20	9	6	33	-47
13	13	-50	14	13	14
-27	44	18	-43	-24	34
22	-26	-50	-30	7	-21
-18	-20	-22	23	26	-30
-39	13	25	46	-20	22
15	34	42	28	6	34
-4	-49	20	23	-10	48
-16	23	19	-33	-20	41
39	50	-5	-1	7	-12
-47	-11	27	43	42	-48
50	2	29	7	11	-50
45	42	-8	6	-40	-14
-24	5	25	41	20	31
-23	14	28	0	36	40
49	4	28	32	17	8
37	-50	38	-41	17	-6
-44	-23	-46	-9	14	19
28	28	-45	-8	39	50
46	-10	25	-29	-13	-42
-31	2	-2	-8	10	-49
45	47	-27	7	9	37
-15	50	-35	0	44	6
-13	-25	1	-13	-38	29
-45	1	22	50	-31	-18
23	-33	-44	30	12	-44
32	-26	-11	12	20	-48
-9	-35	15	30	-6	-49
0	43	0	-29	46	-6
26	-19	-4	33	7	-42
-32	-12	29	9	-46	-16
-11	38	48	36	-2	44
35	44	-17	-11	-15	-22
-50	-5	33	-5	6	50
32	31	-13	-9	40	-28
-15	42	24	-16	-29	29
-17	31	-33	23	40	19
10	34	-9	-45	-48	9
-1	-41	12	-4	22	-29
31	41	-11	-29	5	32
-9	14	2	14	-23	14
22	13	-41	-32	29	-32
-18	-39	43	-44	23	-5
16	18	-14	-16	-15	2
-3	14	50	23	47	-40
32	47	-21	30	-38	-19
-50	16	49	16	44	37
-32	0	-22	-47	19	39
21	27	3	47	-6	-9
-27	-49	45	-16	-29	49
27	-28	42	47	-48	-20
-4	-9	-7	14	19	24
-38	40	0	0	22	-45
-42	24	39	-43	-46	16
49	35	-33	-19	-38	13
0	31	-26	-14	-47	-47
2	-30	16	30	-20	-5
-50	-1	21	-34	-23	-26
-40	11	18	-41	-40	-11
-27	44	47	-19	34	50
-45	-16	-38	-45	-32	39
-12	-26	47	21	-29	38
-20	48	44	-5	-19	-8
6	4	39	41	18	45
-8	-21	39	23	-24	-37
1	-39	-39	29	35	13
13	47	8	43	36	-1
-38	-40	25	0	-2	20
2	26	-45	12	-37	-8
45	27	-37	-21	-34	38
32	-4	-44	-17	18	-31
38	-21	-45	10	-28	17
-49	-8	40	37	19	-27
13	41	21	-44	-15	-26
23	9	38	-23	17	-49
-28	-29	-45	-4	-14	-28
49	45	41	46	33	-21
-24	-4	-12	26	-16	-29
0	33	-49	-1	16	28
-4	26	20	-39	29	46
-5	-34	46	7	10	38
-29	9	-19	23	-5	-42
-50	-10	8	-11	1	47
-23	-30	-47	1	-36	-45
44	5	-2	-40	39	-29
-49	-26	-27	-38	-50	-40
-30	-20	45	-39	10	-50
-26	-26	-31	-20	-26	-20
2	27	-40	6	2	-48
-40	48	48	48	48	48
46	-35	-47	-42	25	-25
14	26	-44	-48	-41	-24
-50	-13	-34	-13	43	47
-46	-8	-43	-18	31	-11
12	23	-29	-42	10	27
-9	3	48	-49	-9	48
-3	-33	-40	2	26	-23
-44	19	47	-34	43	-10
4	-29	44	47	37	-22
22	-33	38	-42	-31	-36
16	3	-13	-3	32	15
-12	-14	49	-11	-37	48
37	35	18	40	-25	35
35	37	38	27	40	47
-8	42	-21	48	20	12
-12	49	-5	19	20	-45
43	-17	-17	43	-24	-20
31	-29	-24	3	27	4
29	-17	39	47	-20	-41
35	-4	44	-15	7	40
6	6	-20	-18	25	49
-29	39	7	-38	14	-6
15	-10	7	-35	27	21
40	-49	0	-27	48	-14
-16	36	42	10	48	11
-36	32	44	27	32	46
-19	-50	38	12	-28	-29
-43	48	-47	34	49	24
43	19	-2	-38	-43	-8
-50	-19	-50	-50	-19	-18
-35	23	46	3	11	15
11	29	-13	34	25	4
-41	42	-10	34	2	7
-10	-50	2	10	29	10
28	-12	-13	-42	-28	11
36	-22	-39	-32	44	39
-36	15	-1	-35	13	-49
-44	25	-31	-42	5	2
-49	45	-39	-9	12	34
-30	24	11	41	14	11
-38	40	-23	32	30	32
-34	-6	-46	-42	-48	49
-8	34	-32	37	-48	5
-23	19	-3	32	40	28
41	-4	-29	-20	-30	-7
-16	17	44	1	-29	-19
-47	22	-47	36	36	-47
-48	-26	-31	46	0	-39
-30	8	-36	-1	17	-38
-6	10	-36	9	31	29
